PressurePlate
	(-0.5000, -1.0000, 0.0000)
	(0.0000, 0.0000, 0.0000, 1.0000)
Fan
	(0.5000, -1.0000, 0.0000)
	(0.0000, 0.0000, 0.0000, 1.0000)
	FanScript
		Direction
Box
	(-1.5000, -1.0000, 0.0000)
	(0.0000, 0.0000, 0.0000, 1.0000)
	PushableObject
		Weight
			2.732391
Battery
	(-1.0000, -0.5000, -1.2500)
	(0.0000, 0.0000, 0.0000, 1.0000)
	PowerOutput
		powerOutput
			10
Powered Door
	(0.5000, -2.0000, 0.0000)
	(0.0000, 0.0000, 0.0000, 1.0000)
	PoweredDoor
		StartPowered
			False
Wall
	(0.5000, -2.5000, 0.0000)
	(0.0000, 0.0000, 0.0000, 1.0000)
Wall
	(0.0000, -2.5000, 0.0000)
	(0.0000, 0.0000, 0.0000, 1.0000)
Wall
	(-0.5000, -2.5000, 0.0000)
	(0.0000, 0.0000, 0.0000, 1.0000)
Wall
	(-1.0000, -2.5000, 0.0000)
	(0.0000, 0.0000, 0.0000, 1.0000)
Wall
	(-1.5000, -2.5000, 0.0000)
	(0.0000, 0.0000, 0.0000, 1.0000)
Wall
	(-2.0000, -2.5000, 0.0000)
	(0.0000, 0.0000, 0.0000, 1.0000)
Wall
	(-2.5000, -2.5000, 0.0000)
	(0.0000, 0.0000, 0.0000, 1.0000)
Wall
	(-3.0000, -2.5000, 0.0000)
	(0.0000, 0.0000, 0.0000, 1.0000)
Wall
	(-3.0000, -2.0000, 0.0000)
	(0.0000, 0.0000, 0.0000, 1.0000)
Wall
	(-3.0000, -1.5000, 0.0000)
	(0.0000, 0.0000, 0.0000, 1.0000)
Wall
	(-3.0000, -1.0000, 0.0000)
	(0.0000, 0.0000, 0.0000, 1.0000)
Wall
	(-3.0000, -0.5000, 0.0000)
	(0.0000, 0.0000, 0.0000, 1.0000)
Wall
	(-2.5000, -0.5000, 0.0000)
	(0.0000, 0.0000, 0.0000, 1.0000)
Wall
	(0.5000, -1.5000, 0.0000)
	(0.0000, 0.0000, 0.0000, 1.0000)
Wall
	(0.5000, -0.5000, 0.0000)
	(0.0000, 0.0000, 0.0000, 1.0000)
Wall
	(0.0000, -0.5000, 0.0000)
	(0.0000, 0.0000, 0.0000, 1.0000)
Wall
	(-0.5000, -0.5000, 0.0000)
	(0.0000, 0.0000, 0.0000, 1.0000)
Wall
	(-1.0000, -0.5000, 0.0000)
	(0.0000, 0.0000, 0.0000, 1.0000)
Wall
	(-1.5000, -0.5000, 0.0000)
	(0.0000, 0.0000, 0.0000, 1.0000)
Wall
	(-2.0000, -0.5000, 0.0000)
	(0.0000, 0.0000, 0.0000, 1.0000)
Wall
	(-2.0000, -1.5000, 0.0000)
	(0.0000, 0.0000, 0.0000, 1.0000)
Wall
	(-1.5000, -1.5000, 0.0000)
	(0.0000, 0.0000, 0.0000, 1.0000)
Wall
	(-1.0000, -1.5000, 0.0000)
	(0.0000, 0.0000, 0.0000, 1.0000)
Wall
	(-0.5000, -1.5000, 0.0000)
	(0.0000, 0.0000, 0.0000, 1.0000)
Wall
	(0.0000, -1.5000, 0.0000)
	(0.0000, 0.0000, 0.0000, 1.0000)
Power Line
	(0.5000, -1.7500, -1.0000)
	(0.0000, 0.0000, -1.0000, 0.0000)
	(0.5, -1.5, -1.0)
	(0.5, -2.0, -1.0)
Power Line
	(0.5000, -1.2500, -1.0000)
	(0.0000, 0.0000, -1.0000, 0.0000)
	(0.5, -1.0, -1.0)
	(0.5, -1.5, -1.0)
Power Line
	(0.2500, -1.0000, -1.0000)
	(0.0000, 0.0000, -0.7071, 0.7071)
	(0.0, -1.0, -1.0)
	(0.5, -1.0, -1.0)
Power Line
	(-0.2500, -1.0000, -1.0000)
	(0.0000, 0.0000, -0.7071, 0.7071)
	(-0.5, -1.0, -1.0)
	(0.0, -1.0, -1.0)
Power Line
	(-0.7500, -1.0000, -1.0000)
	(0.0000, 0.0000, -0.7071, 0.7071)
	(-1.0, -1.0, -1.0)
	(-0.5, -1.0, -1.0)
Power Line
	(-1.0000, -0.7500, -1.0000)
	(0.0000, 0.0000, -1.0000, 0.0000)
	(-1.0, -0.5, -1.0)
	(-1.0, -1.0, -1.0)
